elements	col_1	col_2	col_3	col_4	col_5	col_6	col_7	col_8	col_9	col_10	col_11	col_12	col_13	col_14	col_15	col_16	col_17	col_18	col_19	col_20
elem_1	0.131133688	0.132056331	0	0.394742496	0.430003012	0.375409203	0	0.038703521	0	0	0.104366396	0	0	0.082904031	0	0	0	0	1.163622937	0.158254905
elem_2	5.376481216	1.452619644	0.95106313	4.793301731	2.914464862	4.826689752	0.410513038	0.812773946	1.499031655	0.624356797	1.095847154	0.556991313	1.104053213	1.492272559	0.982766804	0.190136402	0.852759645	0.045758174	5.394979073	1.846307225
elem_3	0	0	0	0	0	0	0	0	0	0	0	0	0	0	0	0	0	0	0	0
elem_4	1.398759341	0.528225325	0.500559542	1.578969982	0.95556225	1.179857495	0.645091917	0.116110564	0.930433441	0.056759709	0.782747967	0.603407255	0.720034704	0.870492326	0.709776025	0.047534101	1.153733638	0.091516348	0.528919517	0.31650981
elem_5	1.573604258	1.36458209	3.153525114	2.481238543	1.767790162	4.665800094	0.05864472	0.580552818	0.206762987	0.056759709	0.678381571	0.789071026	0.480023136	0.207260078	0.327588935	0.427806906	0.300973992	0.274549045	3.914004426	4.536640611
elem_6	1.223914423	1.144488204	2.602909618	2.537630328	2.197793175	3.700462143	0.234578879	0.30962817	0.15507224	0.227038835	0.104366396	0.324911599	0.432020822	0.082904031	0.272990779	0.190136402	0.300973992	0.091516348	4.337140039	2.532078481
elem_7	1.792160405	2.553089071	3.954420381	2.537630328	3.4400241	5.738397817	0.351868318	0.696663382	0.465216721	0.567597088	0.626198374	0.742655084	0.288013882	0.124356047	0.163794467	0.570409207	0.351136325	0.457581742	6.770169817	3.956372626
elem_8	2.229272699	1.892807415	4.454979923	4.172992095	4.347808237	8.634411668	1.055604955	0.890180988	0.258453734	0.681116506	0.730564769	1.253230454	0.912043958	0.497424186	0.982766804	0.380272805	0.902921977	0.54909809	8.251144465	6.171941296
elem_9	0.393401065	0.220093885	0.250279771	0.22556714	0.286668675	0.214519545	0	0.038703521	0	0.113519418	0	0	0.240011568	0.082904031	0.054598156	0	0.050162332	0.045758174	0.370243662	0.580267985
elem_10	0.305978606	0.440187771	0.500559542	0.22556714	0.430003012	0.69718852	0.234578879	0.077407042	0.103381493	0.340558253	0.365282385	0.278495656	0.144006941	0.248712093	0.109196312	0.142602302	0.25081166	0.457581742	0.846271227	0.94952943
elem_11	1.923294094	1.496638421	2.402685801	1.522578197	2.532239962	2.681494307	0.175934159	1.2772162	0.206762987	0.283798544	0.260915989	0.742655084	0.768037017	0.704684264	0.491383402	0.285204604	0.351136325	0.457581742	3.808220522	4.483888976
elem_12	0.262267376	0.132056331	0.400447634	0	0.57333735	0.643558634	0.410513038	0.154814085	0.15507224	0.340558253	0.156549593	0.092831885	0.096004627	0.082904031	0.38218709	0.332738704	0.300973992	0.228790871	1.163622937	0.580267985
elem_13	3.278342205	4.577952817	7.308169313	4.624126376	5.972264062	7.400924287	1.290183833	2.631839443	2.222702109	3.973179618	3.07880867	3.806107304	0.816039331	0.455972171	2.729907789	1.473557119	1.555032295	5.44522273	12.3767167	8.071000157
elem_14	0.69937967	0.528225325	1.101230992	0.563917851	1.003340362	0.804448292	0	0.696663382	0.051690747	0.227038835	0.156549593	0.232079714	0.144006941	0.331616124	0.054598156	0.332738704	0.050162332	0.594856265	1.216514889	1.529797415
elem_15	0.043711229	0.044018777	0.050055954	0.169175355	0.238890562	0.107259772	0	0.116110564	0.051690747	0.113519418	0.104366396	0	0.192009254	0.124356047	0.109196312	0	0	0	0.052891952	0.052751635
elem_16	0.480823523	0.132056331	0.350391679	0.11278357	0.430003012	0.69718852	0.05864472	0.038703521	0	0	0.313099187	0	0.144006941	0	0	0.047534101	0.050162332	0.228790871	1.163622937	0.42201308
elem_17	0.437112294	0.264112663	0.050055954	0.620309636	0.286668675	0.321779317	0.05864472	0.077407042	0.15507224	0	0.208732791	0.139247828	0.096004627	0.082904031	0	0	0.050162332	0.091516348	0.105783903	0.42201308
elem_18	0.349689835	0.220093885	0.300335725	0.056391785	0.3822249	0.214519545	0	0.116110564	0.15507224	0	0.208732791	0.092831885	0.144006941	0.207260078	0	0	0.050162332	0.091516348	0.528919517	0
elem_19	0.524534753	0.176075108	0.250279771	0.11278357	0.238890562	0.321779317	0	0.154814085	0.103381493	0.227038835	0.104366396	0.185663771	0.048002314	0.455972171	0	0.047534101	0.100324664	0.183032697	0.158675855	0.158254905
elem_20	0.611957212	0.220093885	0.200223817	0.33835071	0.286668675	0.321779317	0	0.116110564	0.15507224	0	0.365282385	0.092831885	0	0.331616124	0.054598156	0.047534101	0.150486996	0.045758174	0.476027565	0.580267985
elem_21	1.398759341	0	0.100111908	0.958660346	0.238890562	1.66252647	0.117289439	0.154814085	0.413525974	0	0.156549593	0.046415943	0.144006941	0.331616124	0.054598156	0.190136402	0.050162332	0.045758174	1.163622937	0.42201308
elem_22	1.879582864	1.804769861	2.703021527	1.691753552	1.9111245	2.735124193	0.586447197	1.470733806	0.568598214	0.454077671	0.521831978	0.464159427	0.480023136	0.497424186	0.818972337	0.570409207	0.802597313	0.777888961	5.342087122	3.798117721
elem_23	0.917935817	0.484206548	0.400447634	1.127835701	0.477781125	1.018967837	0.05864472	0.193517606	0.15507224	0.056759709	0.521831978	0.092831885	0.144006941	0.290164109	0.163794467	0.332738704	0.451460989	0.045758174	1.798326358	0.896777795
elem_24	1.136491964	0.792337988	1.501678626	1.071443916	1.385565262	2.037935673	0.410513038	0.657959861	0.465216721	0.056759709	0.156549593	0.324911599	0.336016195	0.704684264	0.38218709	0.665477409	0.752434981	1.281228878	2.856165392	2.848588291
elem_25	7.649465145	9.023849303	16.11801725	9.361036322	12.75675604	13.83651062	1.759341591	4.876643673	1.137196428	2.894745151	1.774228725	1.578142053	2.256108739	2.69438101	1.474150206	2.424239132	1.805843955	2.425183233	25.96994828	24.00199393
elem_26	0.961647047	0.440187771	0.300335725	1.071443916	1.242230925	1.39437704	0.117289439	0.30962817	0.15507224	0	0.313099187	0.046415943	0.336016195	0.538876202	0.163794467	0.142602302	0.351136325	0.594856265	2.909057343	1.37154251
elem_27	0.917935817	0.30813144	0.200223817	0.845876776	0.7644498	1.501636812	0.175934159	0.154814085	0.620288961	0.227038835	0.260915989	0.371327542	0.336016195	0.621780233	0.054598156	0.332738704	0.300973992	0.183032697	1.480974648	0.94952943
elem_28	1.792160405	0.616262879	1.201342901	0.733093206	0.907784137	1.984305787	0.175934159	0.619256339	0	0.170279127	0.417465582	0.649823198	0.096004627	0.911944342	0.545981558	0.427806906	0.451460989	0.274549045	2.433029778	1.318790875
elem_29	0.524534753	0.176075108	0.95106313	0.845876776	0.812227912	1.072597723	0.05864472	0.232221127	0.051690747	0.113519418	0.156549593	0.464159427	0	0.538876202	0.163794467	0.095068201	0.401298657	0.274549045	1.110730986	1.107784335
elem_30	0.174844918	0.484206548	0.300335725	0.056391785	0.621115462	0.482668975	0	0.116110564	0.051690747	0.056759709	0	0	0	0.082904031	0	0.047534101	0	0	0.581811469	0.52751635
elem_31	0.174844918	0.352150217	0.200223817	0.451134281	0.621115462	0.375409203	0.293223598	0.812773946	1.137196428	0.737876215	1.565495934	0.835486969	0.720034704	0.994848373	0.655177869	0.998216113	1.254058302	1.235470703	0.31735171	0.580267985
elem_32	1.136491964	0.30813144	0.350391679	0.676701421	0.525559237	0.96533795	0	0.30962817	0.051690747	0.056759709	0.208732791	0.232079714	0.144006941	0.663232249	0.327588935	0.332738704	0.100324664	0.320307219	1.269406841	1.107784335
elem_33	0.917935817	2.377013963	1.501678626	2.199279618	2.245571287	3.217793168	0.586447197	1.122402115	0.620288961	0.51083738	0.365282385	0.789071026	0.576027763	0.74613628	0.163794467	0.522875107	0.802597313	0.777888961	3.385084909	2.637581751
elem_34	1.792160405	1.452619644	4.354868015	3.55268246	2.6755743	3.646832257	0.117289439	1.083698594	0	0.056759709	0.156549593	0.278495656	0.240011568	0.911944342	0.327588935	0.950682012	0.852759645	0.777888961	11.74201328	6.013686391
elem_35	1.355048111	0.220093885	0.300335725	0.733093206	0.7644498	1.716156356	0.351868318	0.696663382	0.31014448	0	0.782747967	0.092831885	0.288013882	0.953396357	0.436785246	0.190136402	0.200649328	0.137274523	2.274353923	1.213287605
elem_36	1.355048111	1.012431873	1.55173458	2.594022113	1.433343375	1.608896584	0.234578879	1.393326764	0.620288961	0.056759709	0.208732791	0.185663771	0.432020822	0.704684264	0.38218709	0.427806906	0.451460989	0.320307219	3.490868812	2.162817035
elem_37	0.087422459	0.132056331	0	0.22556714	0.095556225	0	0.175934159	1.122402115	0.258453734	0.283798544	0.104366396	0.139247828	0.336016195	0.455972171	0.655177869	0.665477409	1.153733638	0.640614439	0.211567807	0.10550327
elem_38	0.131133688	0.30813144	0.250279771	0.281958925	0.286668675	0.643558634	0	0.193517606	0.103381493	0	0.104366396	0.092831885	0	0.041452016	0.163794467	0.047534101	0.100324664	0	0.740487324	0.791274525
elem_39	0.174844918	0.528225325	0.700783359	0.902268561	1.1466747	1.233487381	0	0.193517606	0	0	0.156549593	0.046415943	0.048002314	0	0.054598156	0.047534101	0.050162332	0	3.226409054	0.63301962
elem_40	1.573604258	0.440187771	1.55173458	2.086496048	1.5288996	3.32505294	0.117289439	0.232221127	0.103381493	0.170279127	0.313099187	0.417743485	0.096004627	0.290164109	0.109196312	0.142602302	0.150486996	0.045758174	4.760275653	1.47704578
elem_41	1.092780735	0.440187771	0.800895267	1.409794627	1.242230925	1.340747153	0.293223598	0.193517606	0.051690747	0	0.104366396	0.046415943	0.192009254	0.248712093	0.218392623	0.047534101	0.100324664	0.183032697	2.380137826	1.47704578
elem_42	1.617315488	0.748319211	2.052294122	1.578969982	1.815568275	0.96533795	0.117289439	0.387035212	0.465216721	0	0.104366396	0.232079714	0.816039331	0.290164109	0.109196312	0.237670503	0.150486996	0.183032697	5.659438832	4.536640611
elem_43	4.152566793	2.332995186	6.757553816	4.060208525	5.255592374	5.899287475	0.586447197	1.122402115	1.085505681	0.851395633	0.208732791	0.556991313	0.576027763	1.575176591	0.873570492	0.903147912	0.601947985	0.732130787	8.780063982	8.756771412
elem_44	1.748449176	0.352150217	0.150167863	1.691753552	1.242230925	1.126227609	0	0	0.15507224	0	0.052183198	0.278495656	0	0.331616124	0.272990779	0	0.100324664	0	2.856165392	1.002281065
elem_45	0.043711229	0.088037554	0.400447634	0.056391785	0.095556225	0.053629886	1.114249674	1.973879582	0.930433441	2.043349518	1.565495934	1.392478282	2.256108739	2.570024964	1.583346518	2.614375534	2.156980279	3.203072194	0	0
elem_46	0.655668441	0.792337988	0.550615496	0.845876776	0.621115462	0.911708064	2.287144068	1.548140849	1.240577921	2.610946606	2.191694307	1.856637709	0.912043958	1.202108451	3.057496724	1.996432226	1.555032295	7.595856918	3.490868812	1.16053597
elem_47	0.174844918	0.088037554	0.400447634	0.056391785	0.143334337	0.214519545	0.117289439	0	0.31014448	0.056759709	0.104366396	0.464159427	0.192009254	0.041452016	0.272990779	0.237670503	0.200649328	0	0.158675855	0.10550327
elem_48	0.087422459	0.30813144	0.200223817	0.281958925	0.525559237	0.429039089	0	0.038703521	0	0.227038835	0.052183198	0.139247828	0.048002314	0.165808062	0	0	0.25081166	0.091516348	0.211567807	1.0550327
elem_49	0.393401065	0.352150217	0.250279771	0.169175355	0.525559237	0.536298861	0	0	0	0.227038835	0	0.092831885	0.096004627	0.165808062	0	0	0.050162332	0.091516348	0.581811469	0.42201308
elem_50	0.437112294	0.176075108	0.60067145	0.169175355	1.051118475	0.482668975	0	0.116110564	0.103381493	0	0.260915989	0.139247828	0.096004627	0	0	0.190136402	0.150486996	0.457581742	1.269406841	1.213287605
elem_51	0.262267376	0.264112663	0.550615496	0.507526066	0.3822249	0.375409203	0	0.270924649	0	0	0	0.232079714	0.144006941	0	0	0.095068201	0.25081166	0	0.846271227	0.474764715
elem_52	1.180203194	0.660281656	1.301454809	0.958660346	1.194452812	1.072597723	0.410513038	0.232221127	0.051690747	0	0.052183198	0.139247828	0.480023136	0.248712093	0	0.380272805	0.300973992	0.274549045	1.745434406	1.58254905
elem_53	3.103497287	1.276544536	2.753077481	3.101548179	3.678914662	4.612170208	0.351868318	0.812773946	0.103381493	0.340558253	0.678381571	0.603407255	0.384018509	0.704684264	0.600579714	0.190136402	0.200649328	0.274549045	5.765222735	3.903620991
elem_54	0.437112294	1.05645065	0.350391679	0.676701421	0.430003012	0.482668975	1.290183833	1.973879582	1.137196428	1.248713594	1.252396747	1.02115074	1.152055526	1.575176591	1.583346518	1.663693522	1.555032295	5.490980904	2.221461971	1.002281065
elem_55	0.437112294	1.100469427	0.300335725	0.394742496	0.334446787	0.429039089	0.762381356	1.2772162	0.516907467	0.681116506	0.156549593	0.417743485	0.240011568	1.326464497	0.600579714	0.665477409	0.902921977	0.320307219	1.057839034	1.0550327
elem_56	0.349689835	0.396168994	0.200223817	0.056391785	0.525559237	0.053629886	0.234578879	1.161105637	0.258453734	0.96491505	0.104366396	0.185663771	0.240011568	0.74613628	0.873570492	0.475341006	0.25081166	1.784568794	0.952055131	0.896777795
elem_57	0.043711229	0.044018777	0	0	0	0	0.117289439	1.393326764	0.051690747	0.397317962	0.156549593	0	0.192009254	0.704684264	0.38218709	0.475341006	0.200649328	0.640614439	0.052891952	0
elem_58	0	0.132056331	0.150167863	0.169175355	0.286668675	0.160889658	0	0	0	0.113519418	0	0	0	0.124356047	0.436785246	0	0	0.091516348	0.105783903	0.580267985
elem_59	0.087422459	0.176075108	0.150167863	0.22556714	0.238890562	0.321779317	0.175934159	0.077407042	0.15507224	0	0	0.046415943	0	0.414520155	0.054598156	0.095068201	0.25081166	0	0.31735171	0.263758175
elem_60	0.786802129	0.440187771	1.001119084	0.394742496	1.051118475	0.643558634	0.234578879	0.503145776	0.620288961	0.794635924	0.521831978	0.556991313	0.288013882	0.74613628	0.218392623	0.285204604	1.003246642	0.915163484	1.375190744	1.213287605
elem_61	0.611957212	0.792337988	1.001119084	0.676701421	1.290009037	1.179857495	0.175934159	0.30962817	0.465216721	0.170279127	0.417465582	0.649823198	0.384018509	0.414520155	0.272990779	0.617943308	0.652110317	0.777888961	1.692542454	1.79355559
elem_62	1.529893029	0.924394319	0.60067145	1.071443916	1.051118475	1.877046015	0	0.077407042	0.413525974	0	0.156549593	0.278495656	0.240011568	0.290164109	0.491383402	0.142602302	0.501623321	0.274549045	2.750381488	1.424294145
elem_63	0.218556147	0.088037554	0.150167863	0.789484991	0.525559237	0.804448292	0.117289439	0.270924649	0.051690747	0	0.365282385	0.046415943	0.048002314	0.082904031	0	0.047534101	0.200649328	0.411823568	1.322298792	1.002281065
elem_64	1.879582864	0.704300433	1.051175038	1.860928907	2.341127512	2.842383965	0.117289439	0.232221127	0	0.170279127	0.313099187	0.278495656	0.192009254	0.290164109	0.163794467	0.380272805	0.25081166	0.320307219	4.707383701	2.1100654
elem_65	1.4861818	0.924394319	0.500559542	2.650413898	1.863346387	3.432312713	0.234578879	0.232221127	0.465216721	0.113519418	0.46964878	0.139247828	0.144006941	0.414520155	0.327588935	0.142602302	0.050162332	0.320307219	5.342087122	1.529797415
elem_66	2.054427782	1.276544536	3.353748931	2.932372824	3.010021087	3.378682827	0.293223598	0.928884509	0.516907467	0.397317962	0.521831978	0.464159427	0.384018509	0.74613628	0.436785246	0.380272805	0.501623321	0.274549045	7.563549093	4.694895516
elem_67	7.562042686	8.01141743	22.67534725	14.09794627	18.3467952	15.8744463	1.583407432	2.089990146	1.292268668	1.9298301	1.043663956	1.206814511	1.344064781	1.865340699	1.255757583	1.758761723	1.956330951	3.15731402	31.04757565	25.58454298
elem_68	2.972363599	0.484206548	0.200223817	2.312063188	2.245571287	3.217793168	0.234578879	0.232221127	0.258453734	0.056759709	0.260915989	0.371327542	0.432020822	0.455972171	0.054598156	0.665477409	0.050162332	0.137274523	3.808220522	1.0550327
elem_69	1.661026717	0.484206548	1.251398855	1.522578197	2.436683737	1.769786243	0.351868318	0.425738733	0.723670454	0.113519418	0.46964878	0.185663771	0.288013882	0.621780233	0.327588935	0.190136402	0.601947985	1.235470703	4.019788329	2.584830116
elem_70	0.480823523	0.132056331	0.300335725	0.281958925	0.334446787	0.429039089	0.351868318	0.503145776	0.31014448	0.113519418	0.260915989	0.556991313	0.096004627	0.165808062	0.818972337	0.190136402	1.003246642	0.54909809	0.528919517	0.10550327
elem_71	2.098139011	0.880375542	2.202461985	1.578969982	2.771130525	2.735124193	0.175934159	0.890180988	0	0.397317962	0.521831978	0.603407255	0.52802545	0.994848373	0.163794467	0.522875107	0.351136325	0.823647136	4.654491749	2.584830116
elem_72	0.568245982	0.220093885	0.95106313	0.451134281	0.525559237	1.287117267	0	0.30962817	0.051690747	0.113519418	0.156549593	0.092831885	0.048002314	0.414520155	0.054598156	0.237670503	0.050162332	0.320307219	2.009894165	0.52751635
elem_73	1.398759341	0.528225325	0.500559542	2.030104263	1.290009037	1.555266698	0.234578879	0.619256339	0.361835227	0.227038835	0.46964878	0.092831885	0.096004627	0.704684264	0.491383402	0.047534101	0.25081166	0.137274523	3.12062515	1.0550327
elem_74	1.44247057	0.968413096	0.901007176	0.958660346	0.95556225	1.39437704	0.293223598	0.580552818	0.051690747	0.283798544	0.46964878	0.278495656	0	0.331616124	0.272990779	0.190136402	0.050162332	0.274549045	2.115678068	1.26603924
elem_75	0	0.088037554	0	0	0.095556225	0	0.351868318	0.541849297	0.103381493	0.056759709	0	0	0.336016195	0.248712093	0.491383402	0.237670503	0	2.699732278	0	0.21100654
elem_76	0.043711229	0	0	0.11278357	0	0.750818406	0	0	0.258453734	0	0.730564769	0	0.816039331	1.11920442	0.109196312	0	0	0	2.221461971	0
elem_77	0.655668441	0.352150217	1.051175038	0.733093206	0.907784137	0.375409203	0	0.232221127	0.15507224	0	0	0.139247828	0.096004627	0.248712093	0.054598156	0.237670503	0.050162332	0	1.110730986	1.424294145
elem_78	0.262267376	1.276544536	0	0.056391785	1.051118475	0.214519545	5.571248371	18.07454441	3.411589284	11.29518206	12.00213549	14.62102196	11.13653675	17.11968242	12.83056661	10.74270674	18.45973821	18.94388412	1.322298792	0.21100654
elem_79	0.69937967	2.773182957	1.351510763	0.620309636	2.580018075	3.110533396	7.917037159	7.740704244	17.72992613	11.86277915	11.7412195	6.869559524	6.528314648	2.735833026	5.842002669	6.226967181	5.668343525	20.45390387	6.770169817	2.637581751
elem_80	1.049069506	0.220093885	0.700783359	0.845876776	0.860006025	1.555266698	0.05864472	0.232221127	0	0	0.156549593	0.324911599	0.144006941	0.124356047	0.327588935	0.142602302	0.451460989	0.366065394	2.380137826	1.26603924
elem_81	0.830513359	0.264112663	0.250279771	0.33835071	0.334446787	0.536298861	0.117289439	0.270924649	0	0.056759709	0.052183198	0.139247828	0.384018509	0.124356047	0.054598156	0.190136402	0.150486996	0.228790871	0.740487324	1.002281065
elem_82	0.7430909	0.616262879	0.400447634	0.394742496	0.286668675	0.589928748	2.404433508	2.051286625	0.930433441	1.759550974	1.774228725	2.274381194	0.912043958	1.285012482	0.873570492	1.616159421	1.705519291	4.804608291	0.370243662	0.52751635
elem_83	0.262267376	0.572244102	0.250279771	0.22556714	0.238890562	0.053629886	0.469157758	1.664251412	0.31014448	0.454077671	0.678381571	0.232079714	0.720034704	0.704684264	0.709776025	0.903147912	1.705519291	3.843686633	0.211567807	0.580267985
elem_84	1.355048111	3.521502167	1.201342901	0.33835071	2.245571287	0.96533795	4.574288136	4.876643673	12.14732548	8.173398072	7.044731702	5.755576898	4.224203596	2.818737057	4.859235864	7.225183294	3.661850242	12.35470703	5.394979073	1.002281065
elem_85	0.087422459	0.176075108	0.100111908	0	0.047778112	0.214519545	0.351868318	0.232221127	0.103381493	0	0	0.139247828	0	0.331616124	0	0.190136402	0.451460989	0.045758174	0.740487324	0.42201308
elem_86	0.131133688	0.440187771	0.450503588	0.451134281	0.57333735	0.268149431	0.410513038	0.812773946	0.878742694	1.589271847	0.626198374	1.02115074	0.288013882	0.538876202	0.873570492	1.283420717	0.501623321	2.333666884	0.158675855	0.369261445
elem_87	0.218556147	0.220093885	0.300335725	0.394742496	0.525559237	0.321779317	0	0.038703521	0.051690747	0.113519418	0.104366396	0.324911599	0	0.207260078	0.054598156	0	0.100324664	0	0.846271227	0.158254905
elem_88	1.136491964	0.264112663	0.60067145	0.507526066	0.812227912	1.018967837	0.175934159	0.154814085	0.516907467	0	0.052183198	0.232079714	0.144006941	0.207260078	0.054598156	0.095068201	0.300973992	0.045758174	1.586758551	1.16053597
elem_89	0.568245982	1.05645065	0	0.33835071	0.334446787	0.69718852	2.697657106	1.625547891	1.292268668	2.667706315	1.356763143	2.831372506	1.344064781	1.11920442	1.637944673	1.616159421	3.360876249	6.772209782	1.851218309	0.21100654
elem_90	0	0	0	0	0	0	0	0	0	0	0	0	0	0	0	0	0	0	0	0
elem_91	0.7430909	0.792337988	0.500559542	0.451134281	0.860006025	0.804448292	0.05864472	0.619256339	0	0.056759709	0.104366396	0.092831885	0.144006941	0.290164109	0.109196312	0.190136402	0	0.274549045	0.687595372	0.21100654
elem_92	0	0.132056331	0	0.11278357	0.238890562	0.214519545	0.234578879	0.928884509	0.516907467	0.624356797	0.104366396	0	0.52802545	0.248712093	0.163794467	0.475341006	0.451460989	1.372745226	3.067733198	0.31650981
elem_93	0	0	0.350391679	0.563917851	0.238890562	0	0.05864472	0.077407042	0	0.113519418	0	0.046415943	0.096004627	0.165808062	0	0	0	0.183032697	0.31735171	0.263758175
elem_94	0.655668441	1.100469427	0.250279771	0.676701421	0.812227912	0.321779317	2.932235985	1.664251412	3.876806004	1.362233012	2.191694307	2.645708736	1.968094857	2.32131287	1.692542829	1.56862532	2.558278936	1.647294271	0.63470342	0
elem_95	0.174844918	0.440187771	0.400447634	0.33835071	0.334446787	0.643558634	1.231539114	1.122402115	0.620288961	0.567597088	1.043663956	1.160398568	0.384018509	0.663232249	1.474150206	0.665477409	0.752434981	4.072477504	0.899163179	0.21100654
elem_96	0.174844918	0.044018777	0	0.169175355	0.095556225	0	0.234578879	0.30962817	0.413525974	1.021674759	0.260915989	0.974734797	0.384018509	0.248712093	0.327588935	0.570409207	0.551785653	2.425183233	0.423135614	0.10550327
elem_97	0.349689835	0.792337988	0.050055954	0.281958925	0.477781125	0.321779317	0.762381356	0.425738733	1.137196428	1.191953886	0.678381571	1.346062339	1.680080976	0.455972171	0.655177869	0.665477409	1.805843955	6.955242479	1.798326358	0.369261445
elem_98	0.087422459	0.352150217	0.100111908	0.169175355	0.095556225	0.214519545	0.938315515	0.696663382	0.103381493	0.340558253	0.417465582	0.371327542	0.192009254	0.207260078	0.709776025	0.713011509	0.300973992	2.104876013	0.211567807	0.580267985
elem_99	22.24901576	15.58264709	39.09370023	25.60187042	35.26024702	41.99220085	1.466117992	7.431076074	0.930433441	1.532512139	2.035144714	1.346062339	5.136247554	5.844734191	1.146561271	2.519307333	2.40779194	2.928523149	77.22224948	62.56343912
